0
1
1
10
11
101
1000
1101
10101
100010
110111
1011001
10010000
11101001
101111001
1001100010
1111011011
11000111101
101000011000
1000001010101
1101001101101
10101011000010
100010100101111
110111111110001
1011010100100000
10010010100010001
11101101000110001
101111111101000010
1001101100101110011
1111101100010110101
11001011001000101000
101001000101011011101
1000010011110100000101
1101011100011111100010
10101110000010011100111
100011001100110011001001
111000111101000110110000
1011100001001111001111001
10010101000111000000101001
11110001010000111010100010
110000110010111111011001011
1001110111101000110101101101
1111111110000000110000111000
11001110101101001100110100101
101001110011101010010111011101
1000011101001010011111110000010
1101101011100111110010101011111
10110001000110010010010011100001
100011110100011010000101001000000
111001111101001100010111100100001
1011101110001100110011100101100001
10010111101110110010110100010000010
11110101100000011001010000111100011
110001101001111001100000101001100101
1010000010101111100101010110001001000
10000001111111110110001011011010101101
11010010010101110010110110001011110101
101010100010101101001000001100110100010
1000100110101011011011110111110010010111
1101111011000001000100111001011000111001
10110100001101100100000110001001011010000
100100011100101101100101101010100100001001
111010111110011010000110011011101111011001
1011111011011000111101100000110010011100010
10011010011001100001110010100010000010111011
11111001110100101001011110101000010110011101
110010100001110001011010001001010011001011000
1010001110000010110100101111110010101111110101
10000100010010001000000000000111101001001001101
11010110000010011110100110000101111111001000010
101011010010100100110100110001101101000010001111
1000110000010111000101001100010011100111011010001
1110001010101011101011110010100001001111101100000
10110111011000010110000111110110100110111000110001
100101000101101110011100110001010110000110110010001
111100000000110001001101110000001010111101111000010
1100001000110011111101010100001100001000100101010011
10011101000111010000111000010001101100000010100010101
11111110001101110000100010110011001101000111001101000
110011011010101000001011011000100111001001001101111101
1010011001100010110001111101111000000110010000111100101
10000110100110111110011011000111100111111011010101100010
11011001110011010100101010110110101000101101011101000111
101100000011010010011000101111110010000101000110010101001
1000111010001101100111110000110100111001010110001111110000
1110011010100111111010110110110011001001111111000010011001
10111010100110101100010100111101000000011010101010010001001
100101101111011101011101011110011011001101010100010100100010
111101000100010011000000000110000011010000101001100110101011
1100010110011110000011101100100011110011101111101111011001101
10011111111000000011011101101010100001101110100111100001111000
100000010101011110011111011001111000000001100100101011101000101
110100010100011110111011000111001100001111011001100111110111101
1010100101001111101011010100001000100010000111110010011100000010
10001000111110011100010101101000010000100000010111111011010111111
11011101101000011001110000001001010100110001010110001110111000001
101100110100110110110000101110001100101010001101110001010010000000
1001000100001111001111110101111010111010000011000100011001001000001
1110101010110110000101111011101100011111010100110010100011011000001
10111101111000101010101110001100111011001010111110110111100100000010
